8.78610000
8.85230000
8.53490000
8.85230000
0.85930000
0.86240000
0.85310000
0.86240000
6.66330000
6.68940000
6.61590000
6.68940000
6.73820000
6.78890000
6.54550000
6.78890000
4.90540000
4.94230000
4.76510000
4.94230000
0.77330000
0.77910000
0.75120000
0.77910000
0.98580000
0.99330000
0.95760000
0.99330000
0.78550000
0.79150000
0.76310000
0.79150000
0.06254200
0.06301900
0.06075400
0.06301900
5.10210000
5.14050000
4.95620000
5.14050000
4.98750000
5.02500000
4.84480000
5.02500000
7.33600000
7.38540000
7.12410000
7.38540000
0.00584100
0.00605200
0.00567600
0.00605200
